1208683791
1208631332
1208621518
1208584876
1208561826
1208560309
1208531128
1208436493
1208355328
1207386876
1207235859
1207029664
1206786552
1206779801
1206775139
1206555389
1206554979
1206547912
1206412121
1206402219
1206398983
1206283433
1206279425
1206279290
1206158205
1206150223
1206142346
1206052338
1206052337
1206042580
1204935290
1204875962
1204856693
1204718144
1204628619
1204626642
1204424974
1204386643
1204368046
1204149868
1204148113
1204106954
1203966642
1203932899
1203925009
1203747884
1203745463
1203737361
1203582481
1203574487
1203559732
1203434901
1203422934
1203416052
1202259953
1202168582
1202120162
1202040448
1201905668
1201893360
1201739256
1201593036
1201583051
1201443966
1201395612
1201368538
1201302264
1201132306
1201130142
1201124709
1200972008
1200951475
1200937892
1200767732
